s0128s
3.252
7.548
11.386
12.971
16.099
20.186
29.487
30.78
32.615
42.583
45.92
54.345
59.851
66.19
71.904
75.033
76.2
80.788
84.375
90.506
92.675
s0129s
3.166
4.542
7.67
12.258
13.634
16.637
23.144
32.737
38.159
44.999
46.751
50.046
54.717
60.598
65.311
66.896
71.984
75.154
s0130s
2.664
9.379
11.089
13.174
15.593
18.596
19.389
24.06
26.104
28.022
s0131s
0.035
1.786
3.538
5.332
7.917
14.966
17.26
21.765
22.932
26.353
27.604
s0132s
0.046
3.633
11.057
16.395
23.111
25.863
29.117
31.494
32.954
34.372
39.293
43.422
46.592
s0133s
0.162
2.498
4.583
10.256
15.135
17.763
24.228
25.104
26.981
32.736
33.612
34.28
37.074
s0134s
0.244
1.996
5.041
8.461
12.632
16.302
24.143
26.229
29.649
38.491
s0135s
0.089
4.26
10.224
15.313
20.651
27.992
34.415
44.884
55.186
56.395
63.194
66.405
67.615
73.371
75.373
78.25
82.588
83.965
s0136s
0.041
2.21
8.967
18.435
22.189
23.148
25.108
31.072
32.699
38.413
44.711
52.761
59.517
65.857
72.03
78.453
81.915
s0137s
0.048
2.508
6.721
8.431
11.684
14.979
15.98
16.814
20.777
21.778
22.987
28.284
31.621
32.705
41.631
47.428
53.101
54.018
56.437
59.065
60.233
61.442
65.238
68.032
70.076
73.496
74.747
76.708
s0138s
2.96
9.008
13.304
14.805
22.396
24.315
31.197
34.2
35.993
39.538
45.044
46.67
49.34
58.182
s0139s
0.041
3.795
7.715
9.968
13.012
17.141
23.189
25.441
31.114
35.159
36.077
39.956
42.083
45.628
52.176
s0140s
0.046
2.715
5.426
8.263
13.643
16.646
18.648
25.822
31.16
37.792
43.673
45.133
49.095
51.514
54.684
58.521
64.652
s0141s
1.589
8.762
18.48
21.233
29.241
30.451
36.123
41.17
45.883
47.051
50.554
58.604
60.981
67.988
70.491
82.419
84.213
86.006
91.929
104.274
s0142s
0.041
3.753
7.84
18.225
20.352
27.193
33.491
37.495
44.001
49.715
54.095
55.93
58.307
68.609
70.903
74.115
81.914
87.086
93.175
96.887
100.099
102.268
113.028
117.533
127.001
s0143s
0.046
3.174
10.181
13.392
17.939
19.023
21.275
24.779
27.531
33.454
39.46
45.841
s0146s
0.044
2.546
3.672
10.888
16.685
18.979
22.691
24.234
25.194
26.612
30.282
31.241
34.953
35.913
38.665
43.837
44.797
48.175
51.72
53.931
56.725
59.728
61.73
64.525
65.025
65.818
68.445
70.989
76.286
84.002
90.425
s0147s
0.038
1.456
3.75
6.919
8.004
8.463
13.384
14.927
21.434
22.894
24.687
s0148s
0.043
6.132
6.966
11.596
13.723
17.644
19.437
21.272
23.149
25.652
27.028
33.576
35.828
39.749
45.63
49.425
52.762
s0149as
0.251
3.17
5.631
10.136
14.181
15.933
17.184
26.652
29.572
32.575
35.453
37.538
39.248
42.501
46.005
47.715
48.466
51.635
53.262
56.307
59.81
67.568
70.654
75.034
78.245
80.081
83.584
86.67
91.634
94.929
96.639
97.807
99.058
s0149bs
0.251
3.17
5.631
10.136
14.181
15.933
17.184
26.652
29.572
32.575
35.453
37.538
39.248
42.501
46.005
47.715
48.466
51.635
53.262
56.307
59.81
67.568
70.654
75.034
78.245
80.081
83.584
86.67
91.634
94.929
96.639
97.807
99.058
s0150as
0.328
6.084
7.419
11.923
13.383
16.72
17.429
19.389
25.479
27.272
28.69
32.527
38.492
43.663
48.794
62.182
66.394
71.65
73.568
79.741
86.832
91.878
94.84
96.591
99.136
s0150bs
0.328
6.084
7.419
11.923
13.383
16.72
17.429
19.389
25.479
27.272
28.69
32.527
38.492
43.663
48.794
62.182
66.394
71.65
73.568
79.741
86.832
91.878
94.84
96.591
99.136
s0151s
2.798
5.008
8.762
10.681
15.686
18.73
26.405
31.91
34.997
41.753
45.132
50.929
54.641
56.685
58.395
60.314
63.108
66.987
71.825
73.911
75.162
79.041
80.918
s0152s
0.334
3.92
5.047
9.801
13.43
20.854
26.985
31.573
33.533
s0154s
0.833
3.419
8.34
14.722
16.306
22.021
25.065
29.695
32.114
36.869
43.25
47.629
52.468
54.887
58.974
62.019
s0155s
0.202
5.457
6.584
7.543
10.17
14.216
15.175
16.093
19.346
21.223
28.439
29.481
30.733
31.942
34.987
40.2
44.121
46.415
s0156s
0.129
4.592
15.562
21.609
31.286
33.079
37
39.711
45.3
46.801
50.43
52.056
58.104
59.105
62.942
64.11
66.237
67.03
72.285
73.703
78.291
82.253
83.212
87.175
88.885
90.47
93.056
96.392
102.148
s0157s
2.923
6.051
9.971
13.642
19.481
s0158s
0.078
14.801
s0159s
0.043
4.131
s0160s
0.13
17.523
29.827
32.955
37.96
38.919
44.341
53.433
55.811
56.603
63.777
68.991
70.659
72.286
81.003
87.301
89.761
92.222
96.435
97.394
100.022
101.481
107.321
110.782
119.416
121.752
124.838
133.639
136.183
146.234
151.114
153.367
155.827
164.002
169.383
171.593
177.265
179.935
s0162s
2.751
6.63
11.468
15.556
17.474
20.602
21.478
23.021
30.487
33.657
40.706
43.709
48.922
51.508
56.68
59.266
61.81
66.106
71.195
73.614
77.951
80.162
84.958
86.251
89.588
90.714
93.759
96.72
s0163s
2.756
5.05
6.968
10.347
12.557
17.896
21.983
30.116
31.534
42.712
45.131
50.637
51.471
58.979
62.565
66.736
68.071
74.869
78.873
83.503
s0164s
2.913
7.626
8.377
11.797
12.839
16.802
21.264
26.103
28.355
31.483
36.947
s0165s
2.755
6.842
8.844
12.848
18.771
27.989
29.74
33.327
39.25
47.508
48.634
50.511
52.471
54.098
58.811
63.232
67.361
71.365
s0166s
0.081
4.043
8.297
12.635
14.72
18.349
19.517
24.73
27.817
30.987
35.491
37.743
40.288
42.79
43.791
45.626
49.171
51.09
52.633
53.801
56.012
57.597
59.473
62.768
64.854
66.522
71.944
73.237
75.489
77.074
78.409
79.452
84.248
86.208
88.044
89.42
93.507
95.009
s0167s
3.333
5.794
9.256
15.178
16.555
18.64
19.933
22.06
23.395
27.148
32.904
38.326
45.208
50.589
54.843
57.554
59.598
61.766
72.193
73.82
76.865
78.992
85.332
s0168s
3.674
11.974
17.354
23.194
29.241
31.16
32.912
34.914
38.709
43.797
50.471
s0170s
2.834
5.379
6.63
12.678
18.058
22.854
26.274
27.484
28.151
33.573
39.037
44.126
48.422
52.3
54.97
56.68
58.515
61.768
66.648
70.235
72.988
78.035
82.664
83.79
86.752
90.672
94.217
99.014
101.6
103.727
109.941
112.944
114.488
116.823
119.117
s0171s
2.162
7.376
11.922
14.049
18.345
19.638
24.184
28.605
31.15
33.819
36.28
41.493
49.126
53.046
55.841
60.22
65.559
69.563
71.148
76.737
79.239
s0172s
0.08
3.75
6.336
12.843
15.178
24.062
31.32
32.696
39.745
44.166
50.756
55.594
58.68
62.351
64.937
72.277
73.278
78.659
80.41
84.998
86.75
92.756
93.632
98.971
106.979
109.815
116.655
123.203
125.539